640 192
634 192
628 192
622 192
616 192
610 192
604 192
598 192
592 192
586 192
580 192
574 192
568 192
562 192
556 192
550 192
544 192
538 192
532 192
526 192
520 192
514 192
508 192
502 192
496 192
490 192
484 192
478 192
472 192
466 192
460 192
454 192
448 192
448 186
448 180
448 174
448 168
448 162
448 156
448 150
448 144
448 138
448 132
448 126
448 120
448 114
448 108
448 102
448 96
448 90
448 84
448 78
448 72
448 66
448 60
448 54
448 48
448 42
448 36
448 30
448 24
448 18
448 12
448 6
448 0
442 0
436 0
430 0
424 0
418 0
412 0
406 0
400 0
394 0
388 0
382 0
376 0
370 0
364 0
358 0
352 0
346 0
340 0
334 0
328 0
322 0
316 0
310 0
304 0
298 0
292 0
286 0
280 0
274 0
268 0
262 0
256 0
250 0
244 0
238 0
232 0
226 0
220 0
214 0
208 0
202 0
196 0
192 0
192 6
192 12
192 18
192 24
192 30
192 36
192 42
192 48
192 54
192 60
192 66
192 72
192 78
192 84
192 90
192 96
192 102
192 108
192 114
192 120
192 126
192 132
192 138
192 144
192 150
192 156
192 162
192 168
192 174
192 180
192 186
192 192
186 192
180 192
174 192
168 192
162 192
156 192
150 192
144 192
138 192
132 192
126 192
120 192
114 192
108 192
102 192
96 192
90 192
84 192
78 192
72 192
66 192
64 192
64 198
64 204
64 210
64 216
64 222
64 228
64 234
64 240
64 246
64 252
64 258
64 264
64 270
64 276
64 282
64 288
64 294
64 300
64 306
64 312
64 318
64 324
64 330
64 336
64 342
64 348
64 354
64 360
64 366
64 372
64 378
64 384
64 390
64 396
64 402
64 408
64 414
64 420
64 426
64 432
64 438
64 444
64 448